%YAML:1.0
---
LeftCameraMatrix: !!opencv-matrix
   rows: 3
   cols: 3
   dt: d
   data: [ 1031.5912993065492, 0., 313.44460783278316, 0.,
       1023.9822321184422, 228.53062218390809, 0., 0., 1. ]
LeftDistortionCoefficients: !!opencv-matrix
   rows: 1
   cols: 5
   dt: d
   data: [ -0.21422050634383832, 23.28967718092462,
       -0.017811521357827965, 0.0054467662347261253, -483.02511295043172 ]
LeftRotationVector: !!opencv-matrix
   rows: 20
   cols: 1
   dt: "3d"
   data: [ -0.10548598238897744, -0.33397589124534854,
       -1.5860593642536438, -0.10548598238897759, -0.33397589124534849,
       -1.586059364253644, -0.10401324006665259, -0.33348088454574415,
       -1.5861079552982793, -0.10401324006665262, -0.33348088454574432,
       -1.5861079552982793, -0.10255782142407306, -0.33165394326713538,
       -1.5861677749874219, -0.10255782142407313, -0.33165394326713515,
       -1.5861677749874221, -0.10162557142349531, -0.33132614210142536,
       -1.5861512045255353, -0.10162557142349535, -0.3313261421014253,
       -1.5861512045255353, -0.10171313544369391, -0.3332169531137234,
       -1.5858110204860965, -0.10171313544369374, -0.33321695311372335,
       -1.5858110204860965, -0.10257535171973699, -0.33636363242885631,
       -1.5848438893206758, -0.1025753517197367, -0.33636363242885581,
       -1.5848438893206758, -0.1032107198268357, -0.33670063545814877,
       -1.5843893515273046, -0.10321071982683572, -0.33670063545814904,
       -1.5843893515273044, -0.10420682565931538, -0.33465788996930557,
       -1.5838138529040922, -0.10420682565931526, -0.3346578899693054,
       -1.5838138529040922, -0.10528894095289439, -0.33556028616664529,
       -1.5835924136286861, -0.10528894095289426, -0.33556028616664529,
       -1.5835924136286859, -0.10528336975636308, -0.33620921978793206,
       -1.5836310299964578, -0.10528336975636306, -0.33620921978793217,
       -1.5836310299964578 ]
LeftTranslationVector: !!opencv-matrix
   rows: 20
   cols: 1
   dt: "3d"
   data: [ -4.012922163581286, 2.2854769776641168, 26.001853397903467,
       -4.0129221635812868, 2.2854769776641177, 26.001853397903474,
       -4.0091527526635264, 2.2852975486006448, 25.993641091931572,
       -4.0091527526635264, 2.2852975486006444, 25.993641091931572,
       -4.0060237279800779, 2.2877164100826688, 25.993371914952291,
       -4.0060237279800779, 2.2877164100826697, 25.993371914952295,
       -4.0044388826043047, 2.2889280583417331, 25.992560388137278,
       -4.0044388826043047, 2.2889280583417331, 25.992560388137282,
       -4.0024431571017711, 2.2872162779308756, 25.987110561858319,
       -4.0024431571017711, 2.2872162779308756, 25.987110561858319,
       -3.9980836336470702, 2.2826844237359611, 25.973144495383689,
       -3.9980836336470702, 2.2826844237359616, 25.973144495383689,
       -3.9992152024429148, 2.2791131066678569, 25.972475218461177,
       -3.9992152024429144, 2.2791131066678569, 25.972475218461174,
       -4.0028668765069613, 2.2764589728448144, 25.990682798436275,
       -4.0028668765069613, 2.2764589728448144, 25.990682798436271,
       -4.0034441816596402, 2.272911015976713, 25.989885603247814,
       -4.0034441816596402, 2.272911015976713, 25.98988560324781,
       -4.0029485461206269, 2.2732147216617942, 25.98728418015283,
       -4.0029485461206269, 2.2732147216617942, 25.987284180152827 ]
