%YAML:1.0
---
RightCameraMatrix: !!opencv-matrix
   rows: 3
   cols: 3
   dt: d
   data: [ 1163.6074220839364, 0., 346.02152193063517, 0.,
       1181.337430157505, 310.62058688847839, 0., 0., 1. ]
RightDistortionCoefficients: !!opencv-matrix
   rows: 1
   cols: 5
   dt: d
   data: [ 0.33371478197479132, -6.1085495759336927,
       -0.011633877739750522, 0.016209484922867015, 52.437738955392113 ]
RightRotationVector: !!opencv-matrix
   rows: 20
   cols: 1
   dt: "3d"
   data: [ -0.044509748287896118, -0.39067760350621877,
       -1.5827791320665712, -0.044541615524309144, -0.39207047668505934,
       -1.5826615031562432, -0.044541615524309797, -0.39207047668505546,
       -1.5826615031562432, -0.042335082271277372, -0.39078219195233949,
       -1.5828452886612137, -0.04233508227127749, -0.3907821919523416,
       -1.5828452886612137, -0.04126176622339961, -0.38893080716568207,
       -1.5829390817041697, -0.041261766223399901, -0.38893080716567952,
       -1.5829390817041697, -0.039939851214099167, -0.38913244088982768,
       -1.5828143032416662, -0.039939851214099362, -0.3891324408898254,
       -1.5828143032416659, -0.040333807186335044, -0.39228478329421174,
       -1.582550611869548, -0.040333807186334336, -0.39228478329421218,
       -1.582550611869548, -0.041893372382659277, -0.39353776273814994,
       -1.5817883981515999, -0.041893372382659465, -0.39353776273815022,
       -1.5817883981516001, -0.040756177667430817, -0.39352416265185702,
       -1.5811415496037873, -0.040756177667430359, -0.3935241626518573,
       -1.5811415496037873, -0.04044963358710027, -0.39207630123825488,
       -1.5808399846557881, -0.040449633587099694, -0.39207630123825582,
       -1.5808399846557883, -0.042222881268495008, -0.39350860124689907,
       -1.5806507542925596, -0.042222881268495549, -0.39350860124689935,
       -1.5806507542925594, -0.043327070605427224, -0.39539140441150461,
       -1.5806988642909789 ]
RightTranslationVector: !!opencv-matrix
   rows: 20
   cols: 1
   dt: "3d"
   data: [ -5.1611993980944533, 0.11747055256114043, 29.440195737942044,
       -5.1549562832178175, 0.12632044209118065, 29.437304565421279,
       -5.1549562832178166, 0.12632044209118098, 29.437304565421297,
       -5.1502248452298804, 0.12673585439447041, 29.432354716300861,
       -5.1502248452298733, 0.12673585439447038, 29.432354716300829,
       -5.1488303654907126, 0.13130359562237842, 29.437676084532487,
       -5.148830365490717, 0.13130359562237942, 29.437676084532512,
       -5.1465491830919108, 0.13388110133602635, 29.430344466814642,
       -5.1465491830919143, 0.13388110133602621, 29.43034446681466,
       -5.1414828876271148, 0.12528164055649144, 29.422684985901952,
       -5.141482887627113, 0.12528164055649268, 29.422684985901935,
       -5.1402490508266965, 0.12572415359297634, 29.425493234968044,
       -5.1402490508266956, 0.12572415359297651, 29.425493234968037,
       -5.1408300841672023, 0.12839159769121899, 29.414355393825698,
       -5.1408300841672006, 0.12839159769121961, 29.414355393825687,
       -5.1426426083947003, 0.11186641514623759, 29.421437624977987,
       -5.1426426083946977, 0.11186641514623778, 29.42143762497798,
       -5.1428703887965517, 0.10659241593577988, 29.422265461098021,
       -5.1428703887965508, 0.10659241593577916, 29.422265461098011,
       -5.1430910355279131, 0.12857707925972081, 29.418844842667404 ]
