%YAML:1.0
---
stereoRMS: 0.22927167272642873
rotationMatrix: !!opencv-matrix
   rows: 3
   cols: 3
   dt: d
   data: [ 0.99714347725613994, -0.0098265874772447189,
       -0.074888743774254363, 0.009767441265491613, 0.99995162920117853,
       -0.0011560056375401224, 0.074896480936416737,
       0.00042123207488296686, 0.99719122524562964 ]
translationVector: !!opencv-matrix
   rows: 3
   cols: 1
   dt: d
   data: [ 0.81540806342007488, -2.0888292146559935, 3.8096037804423131 ]
essentialMatrix: !!opencv-matrix
   rows: 3
   cols: 3
   dt: d
   data: [ -0.19365603862517805, -3.8102993887284251, -2.078558240444691,
       3.7376503661210418, -0.037778880832589311, -1.0984142072320058,
       2.090826876863153, 0.79484255847784024, -0.15737241216275893 ]
fundamentalMatrix: !!opencv-matrix
   rows: 3
   cols: 3
   dt: d
   data: [ 4.3468840181874002e-06, 8.616310869145328e-05,
       0.027076696348515492, -8.2637696033071377e-05,
       8.414801288336525e-07, 0.050762667096160619,
       -0.030445068983841243, -0.050990285063242768, 1. ]
