%YAML:1.0
---
leftCameraMatrix: !!opencv-matrix
   rows: 3
   cols: 3
   dt: d
   data: [ 1363.2104672360883, 0., 351.19071333169131, 0.,
       1366.5770234947863, 197.96190574659599, 0., 0., 1. ]
leftDistnaceCoefficients: !!opencv-matrix
   rows: 1
   cols: 5
   dt: d
   data: [ -0.020275883561989588, 7.7806246316001424,
       -0.0058685391196377536, 0.00053881543164117213,
       -92.747963189957105 ]
