%YAML:1.0
---
rightCameraMatrix: !!opencv-matrix
   rows: 3
   cols: 3
   dt: d
   data: [ 1590.1362683109253, 0., 319.79405756930527, 0.,
       1595.4931423969429, 200.85186586321043, 0., 0., 1. ]
rightDistanceCoefficents: !!opencv-matrix
   rows: 1
   cols: 5
   dt: d
   data: [ -0.041615782889872853, 11.746660702116259,
       -0.0099144080124872087, -0.0006689459675862081,
       -166.19568320843379 ]
