%YAML:1.0
---
LeftCameraMatrix: !!opencv-matrix
   rows: 3
   cols: 3
   dt: d
   data: [ 1317.8107086907883, 0., 344.50390184782611, 0.,
       1319.1310520398995, 221.17441505758833, 0., 0., 1. ]
LeftDistortionCoefficients: !!opencv-matrix
   rows: 1
   cols: 5
   dt: d
   data: [ 0.079738497331021521, 1.2890127633105637,
       0.0022408847868240277, 0.00040772497245785338, -1.995379495888129 ]
LeftRotationVector: !!opencv-matrix
   rows: 40
   cols: 1
   dt: "3d"
   data: [ -0.19769653442740959, 0.027644008234524134,
       1.5741800738533542, -0.19769653442741003, 0.027644008234524106,
       1.5741800738533542, -0.19849392470358568, 0.028066882235867688,
       1.5741593382239094, -0.19780370158221422, 0.029516075845494944,
       1.5744213835421201, -0.19780370158221408, 0.029516075845495107,
       1.5744213835421204, -0.19695374475817715, 0.030382081144066049,
       1.5749685055477083, -0.19695374475817701, 0.030382081144066063,
       1.5749685055477083, -0.19759967216155899, 0.03119298648733717,
       1.5752998285278117, -0.19759967216155894, 0.031192986487336757,
       1.5752998285278117, -0.19914689818687945, 0.029907379260763062,
       1.5750907300219503, -0.1991468981868795, 0.029907379260763176,
       1.5750907300219503, -0.2005593426432826, 0.029434921847829872,
       1.5748768381137539, -0.20055934264328265, 0.029434921847829955,
       1.5748768381137539, -0.20095264442221036, 0.027308324753359432,
       1.5747005747904763, -0.20095264442220978, 0.027308324753359411,
       1.5747005747904765, -0.20092307466091389, 0.026642948699017812,
       1.5750067008448998, -0.20092307466091369, 0.026642948699017937,
       1.5750067008448998, -0.20029864582171802, 0.026543120106605502,
       1.5763435422048306, -0.20029864582171786, 0.026543120106605131,
       1.5763435422048304, -0.19770121517098171, 0.026123295191958672,
       1.5782600320491138, -0.19770121517098185, 0.026123295191958693,
       1.5782600320491136, -0.19565952887458904, 0.027769131203035001,
       1.5797688098167977, -0.19565952887458909, 0.027769131203034994,
       1.5797688098167977, -0.19596356869110654, 0.029356806715611194,
       1.5805866997418594, -0.19596356869110665, 0.029356806715611597,
       1.5805866997418594, -0.19617032054818337, 0.02963568789126874,
       1.5804157199572335, -0.19617032054818365, 0.029635687891268712,
       1.5804157199572335, -0.19957271875286151, 0.022983426801394966,
       1.5790810169514626, -0.19957271875286167, 0.022983426801395108,
       1.5790810169514626, -0.20178229735115608, 0.022095877657863087,
       1.5800715883148724, -0.20178229735115621, 0.022095877657862927,
       1.5800715883148724, -0.2000329764832848, 0.026968597770433707,
       1.5811630043643015, -0.20003297648328491, 0.026968597770433703,
       1.5811630043643015, -0.19853159180089133, 0.028456786059980557,
       1.581368204122235, -0.1985315918008913, 0.028456786059980366,
       1.581368204122235, -0.20009314590467572, 0.024729858363464082,
       1.5818559515649029, -0.20009314590467561, 0.024729858363464339,
       1.5818559515649029, -0.201414671860184, 0.027363466048192654,
       1.5813435882802112, -0.201414671860184, 0.02736346604819238,
       1.5813435882802112, -0.20359764417457044, 0.029780386307657815,
       1.5811871701847759 ]
LeftTranslationVector: !!opencv-matrix
   rows: 40
   cols: 1
   dt: "3d"
   data: [ 3.533696908586919, -2.1048242979415459, 24.360194191361099,
       3.5336969085869181, -2.1048242979415459, 24.360194191361099,
       3.5338804729381024, -2.1075888214077589, 24.366851380405762,
       3.5390880156583298, -2.1049347850824587, 24.365086474257019,
       3.5390880156583302, -2.1049347850824587, 24.365086474257019,
       3.5404496212050858, -2.1029719886650153, 24.361694871802452,
       3.5404496212050858, -2.1029719886650153, 24.361694871802452,
       3.5421586266101497, -2.0973206810175333, 24.367855180870272,
       3.5421586266101492, -2.0973206810175329, 24.367855180870269,
       3.5418928379448671, -2.1014602142252001, 24.383127758209699,
       3.5418928379448671, -2.1014602142252001, 24.383127758209699,
       3.5437619909526128, -2.102472541507511, 24.394033433450591,
       3.5437619909526132, -2.102472541507511, 24.394033433450595,
       3.5470147983963418, -2.1046972557680856, 24.397845837739368,
       3.5470147983963414, -2.1046972557680856, 24.397845837739364,
       3.5548645567763484, -2.0981292380390073, 24.390723477876239,
       3.5548645567763484, -2.0981292380390073, 24.390723477876239,
       3.5660863759725183, -2.0826858082035091, 24.369014337395505,
       3.5660863759725174, -2.0826858082035087, 24.369014337395498,
       3.5764652559322614, -2.0619821550975397, 24.336156384526273,
       3.5764652559322614, -2.0619821550975392, 24.336156384526269,
       3.5831700576473486, -2.0478869864558509, 24.309776131199936,
       3.5831700576473486, -2.0478869864558509, 24.309776131199936,
       3.5853447089237847, -2.0406635076516553, 24.30191370759351,
       3.5853447089237847, -2.0406635076516553, 24.30191370759351,
       3.5824114061162842, -2.0416621647199293, 24.306843209354781,
       3.5824114061162837, -2.0416621647199293, 24.306843209354785,
       3.5690082408196431, -2.0503880877713585, 24.352409106870283,
       3.5690082408196431, -2.0503880877713585, 24.352409106870287,
       3.5707574303547824, -2.034237066480105, 24.373116531807117,
       3.5707574303547824, -2.034237066480105, 24.373116531807117,
       3.5814468468240488, -2.0277271997290276, 24.343436556606711,
       3.5814468468240488, -2.0277271997290276, 24.343436556606711,
       3.5814610989260962, -2.0280828426734656, 24.331182626700421,
       3.5814610989260962, -2.0280828426734656, 24.331182626700421,
       3.5773144444419787, -2.0239632953863143, 24.367796709212055,
       3.5773144444419782, -2.0239632953863143, 24.367796709212051,
       3.5753696440266722, -2.0287465082320448, 24.388497456483805,
       3.5753696440266727, -2.0287465082320448, 24.388497456483805,
       3.5726414050198856, -2.0319085901526557, 24.425213570024898 ]
