%YAML:1.0
---
RightCameraMatrix: !!opencv-matrix
   rows: 3
   cols: 3
   dt: d
   data: [ 1533.1184768794733, 0., 316.22994798363754, 0.,
       1524.4622714714169, 231.06518649377378, 0., 0., 1. ]
RightDistortionCoefficients: !!opencv-matrix
   rows: 1
   cols: 5
   dt: d
   data: [ 0.060201681721300318, 4.7797776838986472,
       -0.00072330303590202323, 0.0025300593233145994,
       -58.930773266013745 ]
RightRotationVector: !!opencv-matrix
   rows: 40
   cols: 1
   dt: "3d"
   data: [ -0.24880772888675839, -0.06310359543239559,
       1.5905804021984307, -0.24865766665480146, -0.062191130423387704,
       1.5907662241639642, -0.24865766665480185, -0.062191130423387635,
       1.590766224163964, -0.2486576666548016, -0.062191130423387656,
       1.590766224163964, -0.24828103489885361, -0.060623062623598546,
       1.5909069789077166, -0.24828103489885364, -0.060623062623598338,
       1.5909069789077166, -0.24839209881444169, -0.059284635337421267,
       1.5915150258834425, -0.24839209881444152, -0.059284635337421447,
       1.5915150258834425, -0.24893987200591894, -0.058929234457071371,
       1.5917325224202257, -0.24893987200591902, -0.058929234457071489,
       1.5917325224202254, -0.25017877627480217, -0.059630744135713364,
       1.591590155225902, -0.25017877627480217, -0.059630744135713391,
       1.591590155225902, -0.25130837621578289, -0.061042905220144356,
       1.5912959485149836, -0.25130837621578317, -0.061042905220144252,
       1.5912959485149836, -0.25290934410685745, -0.062715587933726502,
       1.5913230193040988, -0.25290934410685745, -0.062715587933726488,
       1.5913230193040988, -0.25042907777953349, -0.062117962246305856,
       1.5931560624461065, -0.25042907777953333, -0.062117962246305676,
       1.5931560624461065, -0.24841454815784328, -0.060252574614245977,
       1.5953425155510477, -0.24841454815784364, -0.060252574614245845,
       1.5953425155510474, -0.24580422683997785, -0.058053479998627353,
       1.5970992435099562, -0.24580422683997791, -0.058053479998627165,
       1.5970992435099562, -0.24493494397837187, -0.056988806593433333,
       1.5973223326702031, -0.2449349439783722, -0.056988806593432681,
       1.5973223326702031, -0.24740263523508166, -0.059732517875882921,
       1.5965349782838898, -0.24740263523508169, -0.059732517875882997,
       1.5965349782838898, -0.24951495642866078, -0.063981860123165202,
       1.5958584328221681, -0.24951495642866092, -0.063981860123165202,
       1.5958584328221681, -0.25222751765411344, -0.065965099223345133,
       1.5961428103590038, -0.25222751765411378, -0.065965099223345494,
       1.5961428103590041, -0.25211538035876119, -0.065681973275489802,
       1.5970455760213536, -0.25211538035876097, -0.065681973275489497,
       1.5970455760213536, -0.24937910831758148, -0.060557164101685275,
       1.5981090427803946, -0.2493791083175817, -0.060557164101685226,
       1.5981090427803943, -0.24949497906793669, -0.0615379952426688,
       1.5987955535626359, -0.24949497906793658, -0.061537995242668855,
       1.5987955535626357, -0.2506036498448721, -0.061057186373328354,
       1.5983109487339635, -0.25060364984487193, -0.061057186373328562,
       1.5983109487339635, -0.25443664973704178, -0.060761307772153272,
       1.5973450376472171, -0.25443664973704161, -0.060761307772153605,
       1.5973450376472171 ]
RightTranslationVector: !!opencv-matrix
   rows: 40
   cols: 1
   dt: "3d"
   data: [ 4.6497131975406836, -2.1442657076614124, 28.343989195996116,
       4.6516847431903754, -2.143997743534634, 28.352388939748813,
       4.6516847431903745, -2.143997743534634, 28.35238893974881,
       4.6516847431903745, -2.143997743534634, 28.35238893974881,
       4.6551276292184083, -2.1435454026518106, 28.351627699486802,
       4.6551276292184083, -2.143545402651811, 28.351627699486802,
       4.6579776717077106, -2.1381725438819217, 28.35387512645255,
       4.6579776717077106, -2.1381725438819217, 28.35387512645255,
       4.6586809553252522, -2.1361348217167362, 28.365540605603858,
       4.6586809553252522, -2.1361348217167366, 28.365540605603858,
       4.6596160479905215, -2.140049787231431, 28.382888482253637,
       4.6596160479905215, -2.140049787231431, 28.382888482253637,
       4.661687895166116, -2.1428072622734757, 28.389984546052844,
       4.661687895166116, -2.1428072622734757, 28.389984546052844,
       4.6676939633424093, -2.1360576467683483, 28.384086487730777,
       4.6676939633424093, -2.1360576467683483, 28.384086487730777,
       4.6836859361173087, -2.1160775674178973, 28.354013646610852,
       4.6836859361173087, -2.1160775674178973, 28.354013646610849,
       4.6967740948899017, -2.0927512064791149, 28.315168439995709,
       4.6967740948899008, -2.0927512064791145, 28.315168439995709,
       4.7052111065152271, -2.0773622710305659, 28.288847017585152,
       4.7052111065152271, -2.0773622710305659, 28.288847017585152,
       4.7048939880074911, -2.076846663624941, 28.285436217287277,
       4.704893988007492, -2.076846663624941, 28.285436217287277,
       4.6949319831182521, -2.0828313830799905, 28.309013948637666,
       4.6949319831182521, -2.0828313830799905, 28.309013948637666,
       4.6859619817807134, -2.086605730855748, 28.337377723228165,
       4.6859619817807134, -2.086605730855748, 28.337377723228165,
       4.6822430568550457, -2.0784841383175734, 28.360134436918525,
       4.6822430568550475, -2.0784841383175743, 28.360134436918536,
       4.687297930762365, -2.0696198191042434, 28.362568608561823,
       4.687297930762365, -2.0696198191042434, 28.362568608561819,
       4.6998204839726432, -2.0630570937485349, 28.318522218661286,
       4.6998204839726423, -2.0630570937485344, 28.318522218661286,
       4.6953195300039638, -2.0566577848528693, 28.335287532606635,
       4.6953195300039638, -2.0566577848528693, 28.335287532606635,
       4.6917310153395499, -2.0621155159866413, 28.367985573479633,
       4.6917310153395499, -2.0621155159866418, 28.367985573479633,
       4.6840705504881264, -2.0724351566398465, 28.417221480184985,
       4.6840705504881264, -2.0724351566398465, 28.417221480184985 ]
