%YAML:1.0
---
stereoRMS: 0.24431831817811078
rotationMatrix: !!opencv-matrix
   rows: 3
   cols: 3
   dt: d
   data: [ 0.9959140956219914, -0.02828193243536848,
       -0.085762733393660737, 0.026214581289037159, 0.99934025035988594,
       -0.025136820373325763, 0.086417069316607475, 0.022785879582795016,
       0.99599844067265841 ]
translationVector: !!opencv-matrix
   rows: 3
   cols: 1
   dt: d
   data: [ 3.1619047725744269, 0.48221282031827872, 3.8253456802236125 ]
essentialMatrix: !!opencv-matrix
   rows: 3
   cols: 3
   dt: d
   data: [ -0.058608416574087566, -3.8118342665307208,
       0.57644024433902907, 3.5364731396573146, -0.18023494947015864,
       -3.4773243247511751, -0.39735453515576152, 3.1734566174423557,
       -0.038124342757803048 ]
fundamentalMatrix: !!opencv-matrix
   rows: 3
   cols: 3
   dt: d
   data: [ 5.0357168563219662e-07, 3.2719029503961106e-05,
       -0.013937019899829305, -3.0558407348117966e-05,
       1.555838269471574e-06, 0.049780041532893955, 0.01213599862345228,
       -0.052467602200586452, 1. ]
